Model-fitting data (160 input-output points, 6 inputs as in CS&S '97)   Curvilinear data (Variables as in Model D in CS&S '97)
OUTCME(z)TOPCL(T) APPEAR(A)EZYGOU(E)VASCUL(V)SHINY(S) FIRSTBL(F)               F      A*E      T*F      V*S
        1      1.5      1.5        2        2        2      1.5               1.5        3     2.25        4
      1.3        2        1        2        2        1      1.5               1.5        2        3        2
      1.6        2        2        2        1      0.5      1.7               1.7        4      3.4      0.5
      1.2        2        1        2      0.5      0.5      1.3               1.3        2      2.6     0.25
      1.6        1        2        2        2        2      1.5               1.5        4      1.5        4
      1.5      1.5        2        2        2        2      1.8               1.8        4      2.7        4
      1.5      1.8        1        2        2        2      1.4               1.4        2     2.52        4
      1.4      1.8        1        1      1.5        2        1                 1        1      1.8        3
      1.8      1.5        2        2        2        2      1.5               1.5        4     2.25        4
      1.7      1.5        2        2        2        0      1.3               1.3        4     1.95        0
      0.5      1.8      0.5        1        0        0      1.5               1.5      0.5      2.7        0
      0.5        2        2        2        1        1      0.2               0.2        4      0.4        1
      1.8      1.8      1.5        2        1        1      1.5               1.5        3      2.7        1
      1.5      1.5        1        1        2        1        1                 1        1      1.5        2
        1        1      1.5        2        1        1      1.5               1.5        3      1.5        1
      1.4      0.5        2        2        1        1        1                 1        4      0.5        1
      1.4      1.8      1.5        2        1        1      1.4               1.4        3     2.52        1
      0.5        0        2        2        1        1        1                 1        4        0        1
      1.5      1.9        2        2        2        2        1                 1        4      1.9        4
      1.7      1.8        2        2        1        1      1.5               1.5        4      2.7        1
      0.3      0.3      1.5        2        1        1      0.5               0.5        3     0.15        1
      1.5      1.8        2        2      1.5        1      1.5               1.5        4      2.7      1.5
      1.2      0.3        2        2        2        2        1                 1        4      0.3        4
        1        1        2        2        2        2      1.6               1.6        4      1.6        4
      1.5      1.3        2        2        1        2        1                 1        4      1.3        2
      1.2        1        2        2        2        1      1.4               1.4        4      1.4        2
      1.5      0.5        1        2        1        1      1.4               1.4        2      0.7        1
      0.2      1.5        2      0.5      1.5        1      0.8               0.8        1      1.2      1.5
      0.2      1.5        2        0        1        1      0.3               0.3        0     0.45        1
      1.3      1.8        2        2        1        2        1                 1        4      1.8        2
      1.4      1.9        1        2        1        2        1                 1        2      1.9        2
      1.5        2        2        2        2        2      1.4               1.4        4      2.8        4
        1        2        1        2        2        2      1.3               1.3        2      2.6        4
        1        2        2        2        1        1      1.3               1.3        4      2.6        1
      0.2        2        2      1.5      1.2        1      0.3               0.3        3      0.6      1.2
      1.8        2      1.5        2        2        2      1.7               1.7        3      3.4        4
      1.8      1.8        2        2        2        1      1.4               1.4        4     2.52        2
      1.4      1.8        2        2      1.5        1        1                 1        4      1.8      1.5
      1.4      0.5        2        2        1        1      1.6               1.6        4      0.8        1
      1.4      0.5      1.5        1        1        1      1.5               1.5      1.5     0.75        1
      1.2        1        1      1.5        1      1.5      1.7               1.7      1.5      1.7      1.5
      0.2        0      1.5      1.5        1        1      1.4               1.4     2.25        0        1
      0.9      0.5      1.3      1.5        1        1      0.5               0.5     1.95     0.25        1
        1        0      1.5        2      1.5        0      1.5               1.5        3        0        0
      1.2        1      1.5        2        2        1        1                 1        3        1        2
      1.5        2        2        1        2        1        1                 1        2        2        2
      1.4        1      1.5        1        2        1        1                 1      1.5        1        2
        1      1.5      1.5        2        2        2      1.5               1.5        3     2.25        4
      0.5      1.5        1        2        1        1        1                 1        2      1.5        1
      1.2      1.8        2        2        2        1      1.2               1.2        4     2.16        2
      1.2      1.5        2        2        1        2        1                 1        4      1.5        2
      1.7      1.5        2        2        1        1      1.4               1.4        4      2.1        1
        1      1.5        2      1.5      1.5        1        1                 1        3      1.5      1.5
        1      1.5        2      1.5      1.5        1      1.5               1.5        3     2.25      1.5
        1      1.3      1.5        2        2      1.5      1.5               1.5        3     1.95        3
      1.7        1      1.7        2        2        1      1.4               1.4      3.4      1.4        2
        1        1        2        2        1      0.5      1.3               1.3        4      1.3      0.5
        1        1        2        2        1      0.5        1                 1        4        1      0.5
      1.7        1        2      1.5      1.5        2      1.5               1.5        3      1.5        3
      0.5      0.3        2        2      1.5        1      1.5               1.5        4     0.45      1.5
      0.3      1.5        2        1      1.2      0.7      0.5               0.5        2     0.75     0.84
        1      1.5      1.8      1.5        2        1        1                 1      2.7      1.5        2
      1.3        1      1.8      1.5      1.5        1      1.2               1.2      2.7      1.2      1.5
      1.5        1      1.5        2        2        1      1.4               1.4        3      1.4        2
      1.3        1      1.5        2        2        1        1                 1        3        1        2
      1.4      0.5      1.3        2      1.5      1.5      1.5               1.5      2.6     0.75     2.25
      1.4        1      1.8        2      1.5      1.5      1.4               1.4      3.6      1.4     2.25
        1      0.3      1.5        2        1      1.5      1.2               1.2        3     0.36      1.5
      1.3      1.9      1.3        2      1.7        1      1.3               1.3      2.6     2.47      1.7
      1.4      0.5        2        1      1.5      1.5      1.5               1.5        2     0.75     2.25
      0.8      0.2        1      1.8      1.5      0.5      1.5               1.5      1.8      0.3     0.75
      0.6      1.2      1.5        2        1        1        1                 1        3      1.2        1
        1        1      1.8        2      1.3      1.8      0.5               0.5      3.6      0.5     2.34
      1.5        1      1.5        2      1.5      1.2        1                 1        3        1      1.8
        1      1.8        2        1        2      1.7        1                 1        2      1.8      3.4
      1.7      1.8        1      0.8        2        1      1.5               1.5      0.8      2.7        2
      0.8        0        1        1        1      1.2        1                 1        1        0      1.2
      0.5      0.5      1.5        1        1        1        1                 1      1.5      0.5        1
      1.6      1.8        1        2        1      0.5      1.2               1.2        2     2.16      0.5
      1.7      1.9        2        2        2        1      1.4               1.4        4     2.66        2
      1.4        2        2        2      1.5      1.5        1                 1        4        2     2.25
      1.7      1.9        2      1.7        1        1      1.4               1.4      3.4     2.66        1
      1.3        0      1.5        2        1        1        1                 1        3        0        1
      0.3      1.9        2      0.2      1.5      1.5        1                 1      0.4      1.9     2.25
        1      1.9      1.5        2      1.5        1        1                 1        3      1.9      1.5
        1      1.9        2        2        2        0        1                 1        4      1.9        0
      1.6      1.9        1        2        1        1      1.7               1.7        2     3.23        1
        1      1.9        2        2      1.5      1.5      1.5               1.5        4     2.85     2.25
        1      1.9      1.5        2        1        1      1.4               1.4        3     2.66        1
      1.6      1.9        2        2      1.5        1      1.3               1.3        4     2.47      1.5
      0.7      1.9        2        2        1        1      1.1               1.1        4     2.09        1
        1      1.8        2        2        2      1.5      1.7               1.7        4     3.06        3
      0.8      1.8        2        2      1.7        1      1.3               1.3        4     2.34      1.7
      1.7      1.9      1.7        2        1      1.5      1.7               1.7      3.4     3.23      1.5
      1.4      1.9      1.8        2        1      1.5      1.7               1.7      3.6     3.23      1.5
        1        1        2        2      1.5      0.5        1                 1        4        1     0.75
        1        1      1.5        2      1.5      1.5        1                 1        3        1     2.25
        1      1.9        1        2        1        1      1.2               1.2        2     2.28        1
      1.5      1.5        2        2      1.5        2      1.2               1.2        4      1.8        3
      1.4      1.8        2        2      1.5        2      1.5               1.5        4      2.7        3
      1.7        1        2        2        2        2      1.3               1.3        4      1.3        4
      1.4        1        2        2        1      1.5      1.2               1.2        4      1.2      1.5
      1.7      1.5        2        2      0.3      0.3      1.4               1.4        4      2.1     0.09
      1.8      1.9      1.5        2      1.5      1.3      1.7               1.7        3     3.23     1.95
      1.5      1.2      1.3        2      0.7      1.2      1.3               1.3      2.6     1.56     0.84
      1.2        1        2        2      0.5      0.5      1.3               1.3        4      1.3     0.25
      1.7      1.5        2      1.5      0.5      0.5      1.4               1.4        3      2.1     0.25
        1        1      1.4        2      0.5      0.5      0.5               0.5      2.8      0.5     0.25
      1.2        1      1.8        2        1        1      0.8               0.8      3.6      0.8        1
      1.5      1.5        2        2      1.5      0.3      1.5               1.5        4     2.25     0.45
      1.6      1.5        2        2        1        1      1.4               1.4        4      2.1        1
      1.5      1.9        2        2      0.5      0.5      1.4               1.4        4     2.66     0.25
      1.3      1.3        2        2      1.5      1.5      1.3               1.3        4     1.69     2.25
      1.6        1      1.5        2        1      0.5      1.3               1.3        3      1.3      0.5
      1.4      1.7      1.6        2        1        1      1.6               1.6      3.2     2.72        1
      1.6      1.6        2        2        1        1      1.2               1.2        4     1.92        1
      1.7      1.5        1        1      0.7      1.2      1.7               1.7        1     2.55     0.84
        1      1.9        1        2        1        1      0.9               0.9        2     1.71        1
        1        1      1.5        2      1.5        1      0.5               0.5        3      0.5      1.5
      0.5      0.3      1.5        2        1        1        1                 1        3      0.3        1
      1.7        1        2        2        1        1      1.3               1.3        4      1.3        1
      1.7      1.8        2        2        1        1      1.6               1.6        4     2.88        1
        1      1.5        1        2      1.4        1      1.4               1.4        2      2.1      1.4
      1.6      1.5      1.8        2        1        1      1.3               1.3      3.6     1.95        1
      1.6      1.9      1.7      1.8        1      1.3      1.4               1.4     3.06     2.66      1.3
        1      0.5        2        2        1        1      1.5               1.5        4     0.75        1
      1.3      1.2        1        2        1        1      1.4               1.4        2     1.68        1
      1.2      1.9      1.5        2        1        1      1.6               1.6        3     3.04        1
      1.3      1.8        2      1.7      1.5        1      1.4               1.4      3.4     2.52      1.5
      1.3      1.4      1.5        1      1.5        1      1.4               1.4      1.5     1.96      1.5
      1.7        1      1.7      1.8        1        1      1.5               1.5     3.06      1.5        1
      1.5        1      1.7        2      1.5      1.5      1.7               1.7      3.4      1.7     2.25
      1.4      1.7      1.7        2      1.5      1.5      1.7               1.7      3.4     2.89     2.25
      1.5      0.5      1.8        2        1        1      1.4               1.4      3.6      0.7        1
      1.4      0.5      1.8        2        1        1      1.5               1.5      3.6     0.75        1
        1      1.5      1.7        2      1.2      1.2      1.8               1.8      3.4      2.7     1.44
      1.7      1.5      1.8        2        1      1.3      1.5               1.5      3.6     2.25      1.3
      1.3        1      1.4      1.8        1        1      1.5               1.5     2.52      1.5        1
      1.4      0.5      1.5      1.9      1.5        1      1.4               1.4     2.85      0.7      1.5
      1.3      1.5      1.9      1.8      1.5      1.5      1.5               1.5     3.42     2.25     2.25
        1        1      1.6      1.5        1        1      1.3               1.3      2.4      1.3        1
      1.2      1.7      1.4        2        1      1.5      1.5               1.5      2.8     2.55      1.5
      1.4      1.8      1.8      1.4        1      1.5      1.7               1.7     2.52     3.06      1.5
      1.5      1.8      1.5      1.8      1.5        1      1.5               1.5      2.7      2.7      1.5
      1.3      1.3      1.4      1.8        1      1.5      1.3               1.3     2.52     1.69      1.5
      1.4      1.5      1.6        1      1.5      1.5      1.4               1.4      1.6      2.1     2.25
      1.2        1      1.4        1      1.5        1      1.4               1.4      1.4      1.4      1.5
      1.5      0.5        1      1.5      1.5      1.5      1.3               1.3      1.5     0.65     2.25
      1.3      1.8      1.7      1.5      1.3        1      1.2               1.2     2.55     2.16      1.3
      1.3      0.2      1.5      1.5      1.5        1      1.3               1.3     2.25     0.26      1.5
      1.3        1        1      1.4        1        1      1.4               1.4      1.4      1.4        1
        1        1      1.6      1.5        1        1      1.5               1.5      2.4      1.5        1
      1.4        1      1.5      1.8      1.3      1.2      1.3               1.3      2.7      1.3     1.56
      0.5      1.5      1.5        1        1        1      0.5               0.5      1.5     0.75        1
      1.7      1.5        2      1.5      1.5      1.5      1.6               1.6        3      2.4     2.25
      1.7      1.5      1.7        2      1.5      1.7      1.6               1.6      3.4      2.4     2.55
      1.3        1      1.6        1      1.5      1.5      1.5               1.5      1.6      1.5     2.25
      1.4        1      1.7      1.7        1        1      1.5               1.5     2.89      1.5        1
      1.2        1      1.4      1.7      1.5      0.5      1.4               1.4     2.38      1.4     0.75
      1.5        2        2        2      1.8      1.5      1.4               1.4        4      2.8      2.7
